# Created by Octave 3.6.1, Fri Jul 19 13:42:31 2013 CEST <javier@javier-TravelMate-4230>
# name: ans
# type: bool
1


