# name: a
# type: matrix
# rows: 3
# columns: 2
 1 2
 3 4
 5 6


